-0.0404139914859    0.0
-1.40435739775    1.0
-0.0347895162276    0.0
0.901053115721    1.0
-0.917366598131    1.0
-0.0494556007491    0.0
-1.12074925039    1.0
0.1653652128    0.0
-0.174955640197    0.0
-0.0148055264294    0.0
-0.141394173025    0.0
0.50381493915    1.0
0.04533459321    0.0
0.0439804931557    0.0
0.526126676218    1.0
0.208107915978    1.0
-0.196382085011    0.0
-0.226502954738    0.0
1.30991517998    1.0
1.86954749853    1.0
-0.00698585645741    0.0
0.0180338793149    0.0
-0.213709552653    0.0
-0.0154812217193    0.0
-1.39646931653    1.0
-0.012050032246    0.0
-0.125091906484    0.0
-2.07443403656    1.0
0.019069882668    0.0
0.495291160567    1.0
1.24825492175    1.0
-0.222956134864    0.0
-0.0826629779085    0.0
-0.0338731638814    0.0
-0.0924712004168    0.0
0.069272108777    0.0
-0.133609588618    0.0
0.115904489049    0.0
0.214336531892    0.0
0.15998859074    0.0
-0.143189265108    0.0
0.047925037755    0.0
-0.0231248157015    0.0
0.0140121350144    0.0
-0.131692172098    0.0
-0.166596472226    0.0
-0.023903911504    0.0
-0.0509455703437    0.0
-0.0739881931977    0.0
0.0510781155228    0.0
0.176995424798    0.0
-0.0672323878072    0.0
0.157638882821    1.0
-0.0508905726165    0.0
-0.0154713401097    0.0
-0.112401092152    0.0
0.101369056489    0.0
0.0543158711732    0.0
0.112656117532    0.0
0.160508004044    0.0
0.0442061205848    0.0
0.0121729282101    0.0
0.0734394878787    0.0
0.269089377792    1.0
0.0802478783569    0.0
-0.0435044923088    0.0
0.00559522147371    0.0
-0.133714988181    0.0
-0.0291778633161    0.0
-0.00263358940786    0.0
4.08619686636    1.0
0.0977929967268    0.0
0.151690808065    0.0
0.26095255545    0.0
-0.209041233282    0.0
0.0457066632568    0.0
0.208898334632    0.0
0.0424089520473    0.0
0.558110322413    1.0
0.056411880712    0.0
3.07225857736    1.0
0.0185693724679    0.0
-0.00360470483295    0.0
-0.368818455756    1.0
-0.00735406245792    0.0
-1.64305265165    1.0
0.0884405767589    0.0
-0.0750710539982    0.0
-0.167778016854    0.0
-0.0807243566216    0.0
0.305537489975    1.0
-0.0374712888663    0.0
0.545680621102    1.0
0.45945457828    1.0
0.517838627393    1.0
-0.023381091599    0.0
-0.144400749513    0.0
0.0766719015364    0.0
-0.0794950168654    0.0
3.46477192659    1.0
0.0162422281285    0.0
1.46903818697    1.0
-0.170315518665    0.0
0.0670574542099    0.0
-0.113540772372    0.0
1.42323482452    1.0
0.126986738923    0.0
-0.0418470976339    0.0
0.0735835689471    0.0
0.0236048000734    0.0
-0.085347992698    0.0
0.177962041797    0.0
-0.199445625919    0.0
0.087223231356    0.0
-0.0484555270854    0.0
-0.151738310071    0.0
0.0498768819922    0.0
-0.0247794570791    0.0
-0.0888662275142    0.0
0.0656083729527    0.0
-0.0292072311862    0.0
-1.17946948045    1.0
-0.0809042789705    0.0
-0.0219219705777    0.0
-0.0266739282525    0.0
0.480114128694    1.0
0.0143039245242    0.0
-0.226932725132    0.0
-0.0047260448715    0.0
-0.0811658224728    0.0
-0.696126427139    1.0
-0.0200517685406    0.0
-3.94880436427    1.0
-0.000390460147216    0.0
-0.0396751111925    0.0
-0.127767444738    0.0
-0.116840526837    1.0
-0.0524967245403    0.0
-0.0934368387872    0.0
-0.479400001047    1.0
0.0778681379649    0.0
-0.0142112550109    0.0
-1.47124355017    1.0
-0.0445939904569    0.0
0.129636272628    0.0
-0.053252329259    0.0
-0.147110708025    0.0
-0.543455911081    1.0
1.30083333168    1.0
0.090161516777    0.0
-0.195288140912    0.0
0.065712060745    0.0
0.337323914831    1.0
0.150299049341    0.0
0.0850967348055    0.0
-0.0928342565816    0.0
0.127385180649    0.0
-0.0586484032453    0.0
-0.0941227273693    0.0
0.015936715564    1.0
0.0305913607773    0.0
-0.101606659932    0.0
-0.0401268656548    0.0
-0.0770864710463    0.0
-0.010726273051    0.0
0.103258467371    0.0
-0.0481419717989    0.0
-0.123238013975    0.0
0.114260817971    0.0
-1.89401096222    1.0
-0.157818633562    0.0
-0.22997876565    0.0
0.168228343538    1.0
-0.145001565475    1.0
-0.01138757513    0.0
2.71334100077    1.0
0.460519844922    1.0
0.099927106401    0.0
0.83301026036    1.0
-0.120962432273    0.0
0.125864396774    0.0
2.9432725286    1.0
0.0401185508965    0.0
0.224463862332    1.0
0.0609782719472    1.0
-0.172619444363    0.0
-0.0777072447982    0.0
0.0656783622229    0.0
-0.0523649403177    1.0
-0.156417177728    0.0
-0.0194133374148    0.0
0.21610605688    1.0
0.00314622337246    0.0
-0.519279599122    1.0
0.0253188675856    0.0
0.121646164882    0.0
-0.0527721728761    0.0
-0.109374085296    0.0
-1.81808884399    1.0
0.0691435385162    1.0
0.173062555278    0.0
-1.11919360971    1.0
-0.0924739842034    0.0
-0.0799102702835    0.0
-0.357861199733    1.0
-0.153040060817    0.0
0.133632220039    0.0
-0.0644993058726    1.0
0.0933203407093    0.0
0.126873774234    0.0
0.0304135682002    0.0
-2.69875583745    1.0
0.425692678508    1.0
0.290469694735    0.0
-0.11163106536    0.0
0.0262873579555    0.0
0.0254439377757    0.0
0.291615343306    1.0
-0.0810445574818    0.0
1.4732428027    1.0
0.049118196378    0.0
-0.130938228157    0.0
0.0600168177578    1.0
2.00462118625    1.0
0.0858865356    0.0
-0.108996103725    0.0
0.187097714205    0.0
-0.118101515056    0.0
0.0361474072045    0.0
-0.0483865679135    0.0
0.135315724    0.0
-0.0964223896049    0.0
0.2565104072    0.0
0.435803817097    1.0
-0.0210281818322    0.0
0.13499114058    0.0
1.51239506775    1.0
0.0217387562074    0.0
0.0307609360083    0.0
-0.166208889535    0.0
0.0257079377408    0.0
0.0617288956913    0.0
-0.042310501465    0.0
-0.131994143656    0.0
-0.197039926449    0.0
0.0537776994444    0.0
2.43020373056    1.0
-0.045246634308    0.0
0.00402547309625    0.0
-0.0999709363435    0.0
0.0931447059239    0.0
-0.112340756821    0.0
0.00403750224856    0.0
-0.923588751998    1.0
0.0853169643623    0.0
0.0686592474609    0.0
0.191275440857    0.0
0.01414276664    0.0
-0.101858779174    0.0
1.07691959434    1.0
0.627743478531    1.0
-0.0164671571146    0.0
0.0120214192838    0.0
0.0352493253917    0.0
-0.0443977783392    0.0
0.110040207651    0.0
-0.0126777119268    0.0
0.0199664538916    0.0
0.183375926802    1.0
0.070933706124    0.0
0.0679122300125    0.0
-0.0670412801437    0.0
-0.036365347165    0.0
0.0203777310099    0.0
0.201594141845    0.0
0.181764790973    0.0
-0.129540823422    0.0
-0.00388260869257    0.0
-0.210731564309    0.0
-2.04670696603    1.0
-0.0322214004715    0.0
-0.00688917766448    0.0
0.00950814209979    0.0
-0.143309679225    0.0
-0.0586634580343    1.0
2.00534829465    1.0
0.0183028575108    0.0
0.93798455603    1.0
-0.257486754761    0.0
0.289363284618    0.0
0.682422273202    1.0
-0.345394243003    0.0
-0.0793147754224    0.0
0.367786907543    1.0
-0.180164500951    0.0
-0.0963441988786    0.0
-0.0751886775962    0.0
-3.31306717963    1.0
-0.797520476526    1.0
-0.0407337636713    0.0
0.0571742634026    0.0
0.174945398831    0.0
-0.804066061285    1.0
0.0580151659995    0.0
0.0851730060542    0.0
-0.0625370835128    1.0
2.97912006298    1.0
-0.0732390860004    0.0
1.70006429282    1.0
0.162468578945    0.0
0.0373681990643    0.0
-0.836274812329    1.0
2.96802109374    1.0
0.0248334839641    0.0
-0.974527474469    1.0
0.0515537093004    0.0
0.0744360560939    0.0
-0.278848526683    1.0
0.0878688858474    0.0
-0.0369986313579    0.0
-0.0481575003629    0.0
1.14640117393    1.0
0.0212589150657    0.0
0.0234023931561    0.0
0.953388179691    1.0
0.0369264325396    1.0
1.97738422329    1.0
0.234392965935    0.0
0.0912269051201    0.0
0.422092258191    1.0
0.235883513647    0.0
0.10070295033    0.0
-0.0136560811279    0.0
0.0668941630271    0.0
0.0293739682646    0.0
0.113788653415    0.0
-0.00644750027624    0.0
0.0128100909774    0.0
-0.0765838562402    0.0
-0.0239526219398    0.0
0.189756990325    0.0
-0.100057922893    0.0
-0.0355668786943    1.0
-0.13049512883    0.0
0.218717773873    0.0
0.0943340329225    1.0
0.0759484966698    0.0
-0.0178507264206    0.0
-0.110525667991    0.0
-0.0687586533128    0.0
-0.233781125101    0.0
-0.0210556233016    0.0
0.190713271632    0.0
-0.0735392198602    0.0
0.810574735745    1.0
-0.0107091905848    0.0
-0.0262839944298    0.0
-0.137944762355    0.0
0.137846761313    0.0
0.0521808075164    0.0
-0.0723108679968    0.0
-0.0228615308706    0.0
-0.140505906899    1.0
0.272467524543    0.0
-0.0179458418057    0.0
-0.0980627808842    0.0
0.828844505124    1.0
0.0554332487035    0.0
0.102873279224    0.0
-0.0836588768958    0.0
0.0506854073783    0.0
-0.000935086486648    0.0
0.0067146737827    0.0
-0.166686614373    0.0
-0.284570132245    0.0
-0.174959695352    0.0
-0.635059110046    1.0
0.0550583416045    0.0
0.00124871470926    0.0
0.209655026227    0.0
0.0271303560679    1.0
-2.0915214431    1.0
-0.0430033981899    0.0
-1.14355417236    1.0
0.0229078188236    0.0
0.138939263463    1.0
0.0631186915653    0.0
-0.00884405988519    0.0
-0.542962845467    1.0
0.0165229850826    0.0
0.116023973895    0.0
0.0424174875891    1.0
0.0451895365879    0.0
1.7545606382    1.0
0.158619100076    0.0
-0.0519365299572    0.0
-0.923794210011    1.0
-1.1108909858    1.0
0.0657679055624    0.0
0.175808202736    1.0
-1.04856602805    1.0
0.0898917975559    0.0
0.112659116738    0.0
0.174506601582    0.0
-0.0433678065516    0.0
0.111534464579    0.0
-0.766549236563    1.0
-0.106898383133    0.0
0.191255729349    0.0
0.80594548257    1.0
-0.256552341319    0.0
0.241223680788    1.0
-0.266492545821    1.0
0.126184908683    0.0
0.0433189868215    0.0
0.0242560480239    0.0
-0.0484701544623    0.0
-0.102434549363    1.0
0.11481905786    0.0
-1.31796210094    1.0
-0.166848125568    0.0
-0.262968611307    1.0
0.121728978041    0.0
-0.0927479288235    1.0
-1.12440986545    1.0
-0.37994838281    1.0
-0.0364644482541    1.0
0.0103875589436    0.0
0.00899663991244    0.0
-0.0431571492101    0.0
-0.0475375552636    0.0
0.0659653317689    0.0
0.146170201213    0.0
0.058993910232    0.0
-0.0786410630592    1.0
-0.0195754638586    0.0
0.0124167174971    0.0
-0.0027360728426    0.0
0.0204092030439    0.0
0.00643690222157    0.0
0.12251907282    0.0
0.0803158497039    0.0
0.0105386885572    0.0
0.388914721288    1.0
-0.0358323852286    0.0
-0.0290532445593    0.0
-0.0232378763972    0.0
-0.156901830582    0.0
-0.0778658097301    0.0
-0.481094061217    1.0
-0.0714356302916    0.0
-0.15044103167    0.0
-0.0109043377697    0.0
-0.0939722962038    0.0
-0.0502891980441    0.0
-0.0251106865198    0.0
0.00893597669448    0.0
-0.573740442275    1.0
0.14546071965    0.0
0.0147197069682    0.0
0.0885654473405    1.0
-0.0352378110192    0.0
0.0872264228795    0.0
0.0719862024958    0.0
0.446879100095    1.0
-0.0389635534198    0.0
0.0272702147801    0.0
0.015475398445    0.0
-0.121135537348    0.0
0.2112194494    0.0
1.44917984444    1.0
0.414526595544    1.0
2.24281486119    1.0
0.0158765537922    0.0
0.0589520552697    0.0
-0.0299896213012    0.0
-0.0793172468144    0.0
-4.22637490628    1.0
0.00304817292965    0.0
0.11655758478    0.0
-0.144805255924    0.0
-0.189718576381    0.0
-0.0325591621254    0.0
-0.0457050693388    0.0
-0.0251611343002    0.0
0.0818443973506    0.0
-1.93712394093    1.0
-1.32579588601    1.0
0.0210427291456    0.0
-0.090045776913    0.0
-0.0410570204546    0.0
0.0649442518976    0.0
0.239882454122    0.0
0.128458429524    0.0
0.011955609009    0.0
0.0236266997498    0.0
-0.0484893465864    0.0
0.0591820384228    0.0
0.117855819937    0.0
-0.0803991700084    0.0
0.0106965220937    0.0
-0.020794129222    0.0
-0.127008222096    0.0
-0.103555333065    0.0
0.153789639379    0.0
-0.00834231606857    0.0
0.209341708952    1.0
0.190751779512    0.0
-0.0921429745536    0.0
-0.108857019333    0.0
0.546903666419    1.0
-0.00851894973417    0.0
-2.36621270264    1.0
-0.155615210663    0.0
-0.12579363924    0.0
0.0534876021559    0.0
0.0794777152099    0.0
0.0277697176466    0.0
0.126668780328    0.0
-0.0593773741683    0.0
0.107882509364    1.0
-0.194778893506    0.0
0.132264619474    0.0
0.105950473441    0.0
0.156952131511    0.0
-2.22400293655    1.0
-0.100038544997    0.0
0.0595306042524    0.0
0.0454905712719    0.0
0.0146765468939    0.0
0.028368286644    0.0
-0.148259252813    0.0
-0.0897288044454    0.0
0.0216055345034    0.0
0.000311928225056    0.0
0.0837349910753    0.0
0.988711312005    1.0
-0.131874324659    0.0
-0.0419798414207    0.0
0.0508740979589    0.0
-0.0105632144263    0.0
0.0308927593836    0.0
1.5421950217    1.0
0.144507538826    0.0
0.0518074185316    0.0
-0.109594420131    0.0
0.020240776516    0.0
5.66510013379    1.0
2.87756087746    1.0
-0.0211751327146    0.0
-0.11427986185    0.0
0.0740191068486    0.0
-0.0232693150205    0.0
-0.203100655022    0.0
-0.394070072045    1.0
-0.0337021573475    0.0
-0.0326725261105    0.0
1.64180743104    1.0
0.014937581388    0.0
-0.207004631887    0.0
0.0913200837452    0.0
-0.0817782494245    0.0
-0.114074073374    0.0
-0.409829228677    1.0
0.0986302982741    0.0
-0.00788477432204    0.0
0.00704572399473    1.0
-0.125369146688    0.0
-0.0223373941002    0.0
0.594508359533    1.0
1.2865985258    1.0
-0.0875572399927    0.0
0.0740336950954    0.0
0.962413267269    1.0
-0.0502836634816    0.0
0.0300445964581    0.0
0.178363026364    1.0
-0.0784120784557    0.0
0.0143380332054    1.0
0.162553661969    0.0
-0.0530403279664    0.0
-0.0550696022619    0.0
-0.16357348388    0.0
0.210827885093    0.0
0.00662534650716    0.0
-0.0603012026377    0.0
-0.0210222674924    1.0
-0.167260953835    0.0
0.0913926979515    0.0
0.109561093981    0.0
0.0754192137721    1.0
-0.107833135665    0.0
0.0414497356199    0.0
0.0640054380043    0.0
-0.0220953714193    0.0
1.68543592248    1.0
-9.18064965499e-06    0.0
-0.0418163891311    0.0
-0.169600889377    0.0
-1.62650227308    1.0
-0.147230313607    1.0
0.16595828033    0.0
0.107734131423    0.0
-0.0451456256033    0.0
-0.0330872384025    0.0
-0.062752064231    0.0
0.0730389769574    0.0
-0.420066813202    1.0
-0.00346253790702    0.0
-0.00670631287957    0.0
0.187158611686    0.0
-0.0018762242588    0.0
-1.01156419083    1.0
0.148377266475    0.0
-0.0348507098488    0.0
0.0926020782353    0.0
0.0414395799561    0.0
0.575772566595    1.0
-0.120641070577    0.0
-0.839755363198    1.0
0.448156686231    1.0
3.79859260809    1.0
0.0261471569566    0.0
0.138567155998    0.0
-0.180262302039    0.0
0.000233907853907    0.0
-0.0968362435605    0.0
-0.104517839388    0.0
-0.0242927180188    0.0
0.0944599983582    0.0
-0.0986309773725    0.0
-0.0343052730949    0.0
0.113811083505    0.0
0.12714453564    1.0
-0.0394862063675    0.0
-1.23468861394    1.0
-0.831065752408    1.0
0.108601265757    0.0
-0.14497453743    0.0
0.134499566261    0.0
-1.06400393967    1.0
0.0589333273832    0.0
-0.151937982474    0.0
-3.09404144352    1.0
0.0890961882674    0.0
0.0548546970911    0.0
2.2133675736    1.0
0.222984693291    1.0
0.0613658215774    0.0
0.098403991071    0.0
-0.110469370089    0.0
-0.074927759179    0.0
-0.00543999559896    0.0
-1.2475615419    1.0
-0.0885263915579    0.0
-0.0465555243569    0.0
-0.0597368139352    0.0
0.113044225378    0.0
2.42003726689    1.0
-0.0258790156966    0.0
-1.5520858765    1.0
-0.155608569453    0.0
0.0645215400145    0.0
0.0363288103114    0.0
0.100751268298    0.0
-0.109230437279    0.0
-0.150919450786    0.0
0.28025114336    1.0
-0.0365435156416    0.0
1.19763556307    1.0
1.10539585905    1.0
0.00402104718934    0.0
0.113390964998    0.0
3.62672070222    1.0
-0.138895599508    0.0
-1.3969634129    1.0
0.140842286138    0.0
-0.269051896778    0.0
-0.04554181205    0.0
0.11067340336    0.0
-0.0403032638525    0.0
1.94758028254    1.0
-0.346095547855    1.0
-0.0244497367163    0.0
0.0403248716059    0.0
0.120839530262    0.0
-0.088295711921    0.0
0.109394613903    0.0
-0.0206610703555    0.0
-0.0593399908525    0.0
-0.233280239772    0.0
0.0562779589997    0.0
0.0151384562649    0.0
0.120136387997    0.0
1.5763517014    1.0
-0.0677027507462    0.0
0.106657053413    0.0
0.0370797499518    0.0
0.100902602025    0.0
-0.0373019158213    0.0
-0.612540904772    1.0
0.436590553505    1.0
0.0147224314056    0.0
-0.143364783851    0.0
-0.00607809776949    0.0
0.170879255681    0.0
-1.00978662139    1.0
-0.127148635747    0.0
-0.0349719926527    0.0
-0.0233198167625    0.0
0.0566216662611    0.0
-0.0548469767376    0.0
-1.87043283436    1.0
0.0251485428947    1.0
0.0620546768495    0.0
0.0195022153695    0.0
-0.0718878222425    0.0
-1.057773692    1.0
-0.87110423254    1.0
-0.0105605255088    0.0
0.00761846076371    0.0
0.107869937274    0.0
3.4734655961    1.0
-0.0257700658328    0.0
2.87053545015    1.0
-0.125987197456    0.0
0.120082677988    0.0
0.712484053438    1.0
-0.065254254842    0.0
-0.103495085568    0.0
0.0114818729225    0.0
-0.00263141762571    0.0
0.0855468797653    0.0
-0.237252566967    1.0
0.309942345584    0.0
0.835506097432    1.0
0.04490433744    0.0
3.1856625271    1.0
-0.0767710884672    0.0
-0.128460539688    0.0
-1.4747276218    1.0
0.154742239428    1.0
-0.0272260229176    0.0
0.074251042476    0.0
0.0211748390743    0.0
-0.063561707816    0.0
-0.0147501148813    0.0
-0.242839619795    0.0
0.127668769105    0.0
0.0588837338503    0.0
-0.0169646669626    0.0
-0.205142907514    1.0
0.112092657377    0.0
0.852848724245    1.0
0.0559901802127    0.0
-0.0944778102704    0.0
0.45092630751    1.0
0.0701600302991    0.0
-0.00381049488733    0.0
-0.0349011360075    0.0
-0.0391934454858    0.0
-0.124484720347    0.0
-0.52587684138    1.0
0.75937830523    1.0
0.102564106866    0.0
0.118329592317    1.0
0.226937346616    1.0
-1.56508876923    1.0
0.0785620118998    0.0
-0.0703516352316    0.0
0.0343003742685    0.0
0.0176173213047    0.0
-0.0589974041919    0.0
-0.259381180845    0.0
0.0416764234092    0.0
-0.0264539216909    0.0
-0.286970940976    1.0
0.0548596337102    0.0
-0.362728442092    1.0
0.0246299731039    0.0
-0.14090333812    0.0
0.026376675644    0.0
-0.0773146636163    0.0
-0.841424317716    1.0
-0.102969081324    0.0
0.112173609344    0.0
-0.167302370476    0.0
-0.0778702669182    0.0
0.0678845617351    0.0
-0.0398801930471    0.0
-0.246955455302    1.0
-0.191724137331    0.0
0.0455046356652    0.0
-0.35946971437    1.0
0.0349009601942    0.0
-0.0717465932669    0.0
0.131344046955    0.0
-0.154976926651    0.0
0.335483161926    1.0
0.0405286365834    0.0
-0.898529591805    1.0
0.204947748919    0.0
-0.178201879574    0.0
0.494064494439    1.0
-0.12289294709    0.0
-0.237768076954    0.0
0.0523288811292    0.0
0.863488259559    1.0
-1.6211826387    1.0
-0.049989273453    0.0
0.182940634457    0.0
0.0844831292246    0.0
-0.0078927914684    0.0
0.0417604677671    0.0
-0.0248656052771    0.0
0.313977225992    1.0
-0.0516569142853    0.0
0.185381859611    0.0
-0.019558382659    0.0
1.23583015973    1.0
-1.22493755173    1.0
-0.0269012836296    0.0
0.015810754461    0.0
-0.439955344784    1.0
1.05234371253    1.0
-0.0493051349145    0.0
-0.00171783598399    0.0
0.495933450696    1.0
0.199828528826    0.0
0.125300924624    0.0
0.197471012298    0.0
0.124279453364    0.0
-0.0190110380345    0.0
-0.126835514158    0.0
0.0100704738504    0.0
0.608325274119    1.0
-0.0887601820793    0.0
-0.0895089923468    0.0
0.0644708364237    0.0
-0.123275049329    0.0
0.111279269522    0.0
3.06225351348    1.0
0.0325946787018    0.0
-3.0330278082    1.0
-0.127403473203    1.0
-0.113685664407    0.0
0.106179476291    0.0
-0.0455567763811    0.0
-0.135886940389    0.0
0.0397621734357    0.0
0.100548988817    1.0
-0.150640112734    0.0
0.173746917796    0.0
1.03402414695    1.0
-0.0267171454311    0.0
-0.163574635711    1.0
0.864085528006    1.0
-0.0197259344128    0.0
-0.155352023781    0.0
0.242398251711    1.0
-0.0920371865762    0.0
-0.116704272941    0.0
0.0222637439402    0.0
0.06063563779    0.0
0.00899960714182    0.0
-0.693734213776    1.0
-0.161237663809    0.0
-0.0604137023232    0.0
0.0935356069831    0.0
0.0214885279652    0.0
0.0744944760249    0.0
-0.0674214691144    0.0
0.0798725087196    1.0
0.0588047593475    0.0
0.217776126175    0.0
0.127036761478    0.0
-0.00287766846301    0.0
-0.0456774509509    0.0
-0.169609507127    0.0
0.0454407210788    0.0
-0.0707257230055    0.0
-2.72155574628    1.0
-0.13081590698    0.0
-1.28100163043    1.0
0.0361296051946    0.0
-0.0339826680522    0.0
0.571318429344    1.0
0.00679004396144    0.0
0.108711010562    1.0
0.0511004763717    0.0
0.553030688725    1.0
0.08492701963    0.0
0.0083641836285    0.0
0.098705131694    0.0
-0.234912437237    0.0
-2.76082445731    1.0
-0.190624434289    0.0
0.0278801657653    0.0
0.157598550225    0.0
0.00794108328853    0.0
0.0636803313457    0.0
0.0508729755915    0.0
0.00275987658985    0.0
-0.0588648590557    0.0
-0.155092202123    0.0
0.0785920703826    0.0
0.0904954404468    0.0
0.0400014308707    0.0
0.0706150749089    0.0
0.0885543531985    0.0
0.115068613189    0.0
0.959243353652    1.0
-0.0732294403662    0.0
0.00375082494645    0.0
0.0376680616237    0.0
0.0399423560407    0.0
-0.166184675636    0.0
0.137332727838    0.0
0.00365375326914    0.0
0.09625023883    0.0
-0.00815161120395    0.0
0.220595715007    0.0
-0.582901265613    1.0
0.030677997668    0.0
-0.0191351719572    0.0
0.0581098670809    0.0
-0.765216570056    1.0
0.162047277231    0.0
-0.197423065432    0.0
-0.0928157422776    0.0
0.14550005443    0.0
0.0669864205501    0.0
0.845337416474    1.0
-0.155262589117    0.0
-0.0407914960078    0.0
-0.0423904486347    0.0
-0.046194598271    1.0
0.229585924001    0.0
0.0631338938008    1.0
0.408306986993    1.0
0.0810381197392    0.0
-0.0735020608885    0.0
0.116063192022    0.0
-0.228388385342    1.0
0.018885927212    0.0
-0.02161469889    0.0
-0.0299929671662    0.0
0.91159226474    1.0
-0.0245782208829    0.0
-0.0981002445331    0.0
-0.0846646707228    0.0
-0.527877491014    1.0
0.552363297595    1.0
0.00432907119106    0.0
-0.102085919283    0.0
-0.107825238661    0.0
-0.08670512863    0.0
-0.0640028688946    0.0
0.148753483592    0.0
-0.0311008417342    0.0
-0.0208977765269    0.0
-1.07118446852    1.0
1.90292269581    1.0
-0.055402928296    0.0
-0.0207373087617    0.0
0.187755927235    0.0
0.0972192709835    0.0
0.0146209487446    0.0
0.0939167359242    0.0
0.157054907847    0.0
0.0485007018902    0.0
1.82683710789    1.0
0.014904846624    0.0
0.0352992720003    0.0
0.202059421303    0.0
-0.0813877586604    0.0
-0.0689508945529    0.0
-0.0958934409147    0.0
0.27137658921    1.0
0.247209564135    0.0
-0.224341641719    0.0
-2.1241630082    1.0
0.0863707141515    0.0
-0.00823025528093    0.0
-0.111618626078    0.0
0.0614798172731    0.0
0.0195408404735    0.0
0.0983895619392    0.0
0.016840334555    0.0
-0.0183786841634    0.0
0.0906943445097    0.0
-0.0506665714256    0.0
0.096275587542    0.0
0.0578311183304    0.0
-3.18261128455    1.0
-0.0167827681809    0.0
1.02015623405    1.0
-0.0310933718738    0.0
-0.0781133956713    0.0
-0.169022166569    0.0
